230
214
409
728
19
80
73
80
0
81
77
78
87
9
78
77
75
13
79
73
177
49
99
172
82
83
13
78
84
98
53
109
82
97
134
108
0
131
125
203
57
151
78
16
74
77
80
79
12
78
75
73
37
87
80
86
0
79
73
110
46
64
145
83
72
15
90
101
44
42
125
181
113
186
231
175
142
78
76
77
87
74
82
99
168
118
74
97
73
76
190
96
73
80
79
75
74
81
73
72
79
76
83
71
252
71
73
78
71
72
74
74
72
81
73
258
74
74
74
75
84
84
80
86
258
432
75
81
77
212
86
84
71
76
79
74
76
80
75
76
73
90
73
72
176
73
72
73
76
73
76
342
77
74
81
76
77
84
79
86
76
374
166
175
104
76
88
75
142
76
84
87
72
85
76
75
72
75
71
79
73
78
195
73
74
73
72
72
72
73
72
74
80
76
83
99
76
76
75
77
107
162
75
78
107
372
94
80
88
73
73
79
77
83
152
77
81
89
78
97
977
77
75
75
72
74
72
80
79
74
81
78
74
72
76
80
86
99
124
95
85
73
83
76
985
75
88
76
97
75
83
89
77
71
85
79
74
83
75
79
72
79
72
73
75
84
81
88
75
77
80
73
84
370
74
99
158
153
80
78
74
90
372
73
97
77
83
74
71
85
73
84
91
83
83
95
97
247
73
89
79
78
72
76
74
75
76
94
78
91
72
71
82
102
78
165
333
73
79
82
73
250
75
72
74
78
73
106
88
88
79
74
92
85
74
75
82
77
74
135
92
75
74
76
73
74
81
82
75
75
72
74
81
215
93
404
83
79
112
100
75
371
77
77
72
76
74
73
72
73
76
75
78
76
73
74
86
81
75
74
78
71
80
75
88
82
74
77
80
364
77
179
76
204
75
77
71
79
75
87
80
76
72
77
73
96
139
77
77
90
76
88
1057
76
74
71
327
72
86
82
80
339
73
77
78
86
83
81
78
76
111
146
90
79
80
78
1015
80
87
74
136
81
72
72
79
72
76
85
72
76
83
75
73
74
71
81
74
80
75
72
84
72
75
75
75
80
363
85
94
171
73
89
83
73
315
81
83
83
82
79
84
107
79
95
75
73
73
75
74
251
74
83
77
75
75
77
338
72
73
77
73
80
96
76
80
75
83
84
248
77
91
75
85
277
91
78
81
77
73
90
82
103
82
79
90
79
72
80
80
78
75
116
89
74
73
112
88
322
73
79
111
84
362
79
88
105
185
91
94
72
86
111
82
102
79
82
88
81
73
125
75
74
117
83
77
1045
77
91
90
92
78
90
75
79
86
80
79
83
73
77
112
75
88
186
271
81
114
85
82
1030
75
72
79
87
81
75
82
78
80
78
76
74
81
78
109
89
72
81
76
75
93
76
78
72
79
85
75
77
81
80
83
168
174
75
73
90
91
91
182
99
105
71
72
81
77
72
78
72
75
80
83
77
268
82
83
72
82
85
73
111
77
82
94
81
71
77
73
77
75
76
171
140
74
99
73
101
87
85
74
77
82
72
82
74
74
73
75
91
73
72
71
182
74
77
72
75
116
107
77
77
334
72
81
87
78
75
81
106
99
151
159
378
80
76
96
75
79
72
77
93
80
73
80
72
84
83
105
77
79
147
83
77
76
76
73
77
73
77
73
105
72
72
80
83
72
88
86
157
92
89
76
73
88
181
80
97
72
88
78
72
73
75
72
76
81
80
72
274
81
109
84
79
84
89
78
72
77
79
89
72
74
77
75
85
104
378
103
82
88
87
985
76
111
74
88
74
73
80
79
91
85
84
73
72
74
87
85
78
75
71
75
72
89
73
78
76
88
136
74
72
74
75
90
89
173
81
96
81
370
86
80
73
74
77
80
75
82
83
81
73
80
76
79
1070
99
92
75
83
82
80
86
74
75
80
74
78
72
79
75
88
87
371
251
87
82
72
78
239
360
73
80
87
77
72
78
80
73
74
136
79
77
290
72
78
76
72
71
73
76
88
84
78
72
74
72
284
93
75
135
128
378
140
83
76
78
284
356
376
79
79
73
72
73
74
77
72
82
83
82
96
72
73
71
72
78
76
72
81
81
450
602
79
79
74
86
75
93
90
202
123
80
75
72
73
366
88
75
83
87
84
77
76
78
78
84
71
86
101
356
75
73
81
75
76
72
76
76
81
79
72
71
72
74
78
89
134
91
92
145
95
103
73
1018
357
105
79
76
102
79
109
87
76
373
83
358
77
885
77
330
74
72
73
72
81
76
88
71
74
330
80
791
81
81
134
372
375
84
85
75
83
266
74
74
73
72
76
81
74
75
73
77
88
75
78
925
79
80
93
75
73
76
87
74
72
79
76
72
71
77
81
74
88
137
185
84
83
79
72
307
369
76
74
75
78
74
78
73
77
73
73
75
75
78
85
112
73
78
78
81
76
78
97
416
79
81
73
72
237
76
78
134
140
95
105
81
85
72
149
78
76
84
77
80
79
71
78
74
74
76
72
78
180
78
96
74
80
72
73
81
73
73
73
79
75
127
72
317
75
78
129
158
139
78
76
76
228
82
101
74
97
72
84
76
72
77
72
73
75
78
72
324
99
72
78
72
72
83
74
81
75
73
81
86
72
176
73
103
336
112
85
74
78
82
994
91
112
85
72
72
83
104
76
72
72
98
100
71
72
72
74
72
126
79
76
330
110
80
81
78
74
91
78
186
75
82
111
87
126
73
85
79
78
77
93
86
74
79
76
90
91
98
77
77
90
73
76
258
74
71
73
77
87
81
73
96
76
74
80
75
76
185
82
96
73
167
173
72
80
80
76
73
78
73
79
89
77
82
86
77
80
78
82
335
90
915
72
76
77
76
71
73
74
74
440
371
96
572
76
164
72
75
77
119
160
99
74
81
72
1001
75
79
72
88
75
72
71
78
72
73
78
72
74
87
78
76
72
73
75
74
77
318
82
75
86
73
92
291
79
82
92
88
150
148
74
78
74
242
73
81
80
87
88
77
76
74
77
365
76
75
72
83
164
80
72
73
75
76
75
83
75
131
326
76
75
75
245
81
73
80
185
100
77
72
86
74
173
79
80
77
77
81
81
81
79
79
76
75
94
78
282
359
80
79
71
73
77
78
119
74
75
75
87
76
85
76
77
182
119
98
73
77
78
88
193
90
84
72
72
72
78
78
73
75
75
81
93
76
300
81
95
77
80
72
72
72
77
75
95
77
75
81
86
80
81
75
84
142
74
76
75
89
112
74
80
72
74
81
79
79
73
82
75
83
72
73
81
176
89
76
79
356
72
73
79
78
72
341
71
74
86
260
74
74
95
101
80
74
73
75
180
105
95
98
72
73
73
79
74
77
84
77
77
78
170
364
85
84
75
76
95
357
72
72
80
72
75
73
76
77
76
77
73
175
78
78
73
74
290
82
90
71
82
74
86
76
76
74
78
72
75
75
71
323
74
77
80
75
79
83
361
81
74
77
78
429
80
263
74
85
71
142
107
76
74
188
355
74
75
72
74
131
78
73
77
75
152
76
73
77
71
104
77
87
73
76
79
80
81
424
357
72
75
79
306
82
72
72
74
73
137
97
78
77
73
80
79
80
83
84
80
75
90
101
327
72
77
74
78
304
77
76
76
74
76
84
74
359
80
75
74
72
72
240
74
72
77
75
79
102
105
88
80
959
100
109
79
74
83
76
100
90
80
71
91
78
87
168
361
76
73
75
72
78
78
363
72
79
74
76
72
116
87
79
81
77
83
88
84
83
89
488
73
72
72
75
76
73
73
87
74
73
86
73
75
215
71
77
98
74
73
75
74
73
88
83
72
75
72
92
74
94
76
80
74
72
73
74
76
77
82
79
78
103
76
73
86
79
78
83
129
95
75
257
72
78
72
72
78
79
82
73
85
77
74
77
79
78
78
75
71
81
72
74
80
81
73
1046
73
76
83
88
72
73
74
77
82
76
75
77
71
74
72
72
74
74
76
74
82
77
79
76
81
73
73
77
235
78
94
79
129
73
