83
77
78
88
42
122
89
74
88
13
107
97
89
77
74
76
79
98
80
79
85
77
83
97
75
76
79
76
77
76
213
269
432
82
91
93
78
97
107
79
78
73
81
75
95
80
96
81
86
83
102
83
76
82
81
75
72
73
81
73
75
76
74
75
74
82
42
247
326
369
125
398
101
95
76
81
95
177
90
78
129
86
82
75
75
78
239
229
93
110
75
419
91
79
80
98
93
78
78
77
81
90
87
75
195
83
116
84
105
120
110
77
84
78
83
349
86
152
74
88
107
80
74
73
78
215
235
91
82
79
84
80
78
92
90
94
79
85
93
98
101
105
75
81
94
107
83
96
76
86
107
165
87
77
75
91
79
76
84
74
80
82
75
134
273
85
116
80
85
79
77
85
83
94
79
84
91
83
77
79
82
91
79
97
92
94
156
88
89
216
78
83
76
79
86
131
73
93
88
84
83
187
282
82
79
98
669
83
77
80
92
85
76
85
80
91
81
82
83
203
80
89
98
103
360
77
77
268
75
81
83
76
82
85
72
83
76
78
87
75
344
170
83
80
603
83
87
78
93
83
80
100
80
77
82
79
87
186
81
116
86
105
124
346
81
291
86
75
88
86
111
103
117
78
73
75
78
73
331
269
89
91
79
87
79
77
81
95
82
85
101
78
82
93
111
79
80
85
109
103
82
79
83
79
227
79
75
83
