843
72
78
79
72
76
72
143
95
151
203
123
341
394
315
1429
433
485
670
769
967
626
853
814
811
928
960
1482
1097
1468
1337
1705
1625
1318
1572
1123
1403
76
72
79
81
76
71
84
130
78
76
244
177
253
301
274
484
140
384
895
599
655
724
942
654
871
1341
766
1542
1709
1457
1316
1919
1434
1542
1133
1198
1340
71
72
76
80
72
72
77
156
112
190
140
112
209
408
263
373
418
581
455
747
785
609
552
967
1053
1051
707
1111
1536
1601
1438
1721
1831
203
1381
1487
1762
73
81
73
79
83
106
80
179
301
149
243
414
1272
437
554
399
781
925
898
832
627
1036
911
1328
1150
1258
1499
1637
1263
1808
127
1670
1309
1016
1165
1237
1147
82
89
71
81
74
81
152
232
249
239
407
294
375
236
311
624
662
570
1122
716
870
963
1198
951
1411
1027
1724
1534
1817
1857
1374
1431
1484
1588
1656
1231
84
74
77
75
71
76
167
163
84
317
186
174
359
1035
642
270
534
715
714
725
864
652
839
997
1437
822
1300
1127
1280
1587
1644
1610
1263
1303
1141
878
1898
73
73
83
75
78
76
93
155
90
176
355
351
349
410
370
473
501
526
733
895
338
522
894
1000
1216
820
1399
1753
1879
1624
1723
1669
1578
1006
1305
1203
1866
84
73
109
75
71
79
155
169
196
190
352
309
413
1264
348
446
321
908
871
840
718
892
1168
1386
1249
1253
1144
1462
1353
1421
2005
1630
1339
965
1436
1719
74
100
83
78
73
86
153
136
140
234
144
259
453
512
423
506
668
938
684
279
755
989
1042
1844
1039
1183
1363
1261
1199
1592
1789
1250
1171
1005
1026
1930
1262
81
88
88
93
82
111
78
90
314
173
320
338
979
1003
412
411
617
717
886
1051
963
410
1017
1355
567
1200
956
1654
1355
1842
1626
1586
1373
1465
1321
765
71
110
82
71
96
121
98
88
134
118
348
239
314
1555
329
486
518
860
997
1036
785
753
999
1417
877
1219
1252
1235
1167
2192
1987
1384
1092
1341
1060
1451
148
98
78
74
73
130
120
129
190
255
213
383
272
344
201
359
465
527
584
867
755
952
964
960
733
1284
1506
1372
1195
1627
1530
1458
1546
1410
1904
1449
135
86
89
75
118
152
190
166
200
259
222
387
283
461
248
597
767
682
672
849
957
927
1108
1225
829
999
1532
1095
1131
1836
1642
1674
1585
1265
1509
1386
95
83
77
84
83
79
158
255
203
287
231
300
1562
431
480
640
728
497
861
888
780
1050
1276
1068
1139
1148
1580
1543
1526
1721
1276
1355
1265
1442
1713
1753
81
89
70
75
106
129
164
277
218
375
325
362
294
431
255
352
982
764
438
822
844
952
1389
867
918
1104
1554
1730
1463
1533
1438
1230
1264
1000
1362
1518
78
79
72
73
129
165
79
207
229
457
460
265
332
456
402
482
704
366
633
761
797
812
1073
1300
1264
1385
1489
1643
1885
1236
1353
1569
1396
1284
1387
1201
72
122
77
89
81
164
97
184
92
284
402
1370
474
562
719
655
460
682
950
975
785
1203
1165
1472
908
2104
1415
1534
1915
1004
1417
999
1476
1631
979
72
71
98
73
113
126
93
222
137
135
1024
414
483
422
452
891
807
637
725
956
922
899
1275
1427
737
1651
1389
1618
1150
1279
1316
1488
1488
83
962
72
72
84
72
163
78
126
295
285
376
348
1271
472
362
726
584
875
448
875
938
913
3574
1228
1414
1734
1489
1454
1873
1621
1456
1284
1186
1232
1549
846
92
75
76
93
117
113
167
312
335
277
269
404
290
683
514
683
740
749
881
906
787
718
1054
1333
1281
1812
1620
1553
1248
1550
974
1307
1693
1655
1297
77
74
74
74
114
75
171
332
270
363
1351
203
548
577
860
697
622
1042
733
543
998
1244
537
971
1052
1713
1702
1737
1439
1492
224
1285
1163
1598
851
985
74
92
78
158
72
139
265
251
335
1114
310
330
457
442
829
481
527
531
1106
1101
1116
1282
1023
1069
1544
1211
1783
1779
1404
1352
1572
1341
1627
1297
1088
71
112
79
214
176
183
247
180
341
392
1261
486
490
656
538
384
579
656
872
998
1830
1032
1065
894
1221
1175
1703
2026
1294
1632
1347
1294
1442
1342
1436
81
73
94
89
105
228
173
290
389
370
344
257
453
1071
817
689
591
710
931
662
1278
1455
912
1599
1093
1825
1834
1520
1580
1496
1264
1434
1525
935
1006
76
74
167
371
103
105
164
372
489
1152
445
707
715
802
832
441
798
1106
1098
1412
1338
1423
1339
1558
1219
1439
1815
1329
1288
1266
1592
1299
1015
1334
76
74
97
150
147
277
182
409
959
755
345
535
653
676
430
879
822
1031
1120
1390
1078
982
1515
1692
1621
1733
1471
1741
1021
1264
1447
1160
1113
867
81
89
82
179
167
198
217
495
363
1546
320
461
690
668
636
540
823
635
950
1160
553
1119
912
1682
1317
1531
1502
1367
939
1438
1660
635
1394
921
71
115
205
158
126
199
420
448
353
362
532
272
480
551
733
816
1093
890
1459
1206
1350
1191
1771
1213
1412
1882
1291
1454
1232
835
1519
1205
1023
1297
77
91
173
139
336
193
227
348
951
496
461
577
718
854
701
1083
830
977
1236
1280
1105
1233
1388
1691
1366
1610
1932
1485
1301
1186
1190
1632
1152
1469
79
108
154
177
224
183
216
347
296
605
457
434
721
814
557
1158
813
1070
1401
974
1229
1065
1384
1414
1249
1965
1243
1515
1157
1052
1748
1483
1283
1324
106
177
188
101
217
364
475
998
770
421
590
651
568
908
724
967
965
843
607
1179
923
1119
1421
1246
1634
211
1537
857
1403
1286
1811
897
1068
1239
75
106
88
290
136
238
553
370
334
271
810
828
626
997
752
980
1030
1546
1029
1216
1238
1445
1658
1437
1959
1202
1172
1442
1197
1291
1482
794
1191
92
79
135
243
136
249
395
408
405
559
465
631
661
723
718
965
864
903
1283
587
803
1204
1101
1157
1629
1743
1449
1028
1111
1244
1526
1027
1013
1240
96
212
88
110
252
301
474
369
441
310
503
820
742
565
1095
887
156
581
1280
1217
922
1317
1826
1124
1674
1227
1633
1589
1371
1535
1217
881
984
1400
106
129
187
270
284
331
1378
362
543
713
829
376
792
687
887
819
1524
830
1097
1036
1404
1151
1931
1638
1255
1543
1284
128
1847
1531
1240
1314
1090
90
153
114
369
182
1086
255
582
685
1029
980
563
908
770
871
1131
984
986
1359
1300
1576
1028
1578
1674
1333
1234
1159
1217
1628
1000
1476
1442
1010
87
127
136
222
267
371
390
276
289
495
825
720
784
816
926
1030
1619
977
1144
1054
1381
1438
1925
1849
1127
1261
997
1572
1761
1091
1541
1074
1349
216
213
210
294
448
409
310
287
732
630
792
585
900
891
878
859
1003
798
1188
1211
1719
992
1682
1256
1425
1472
1567
1539
1629
1001
1097
1245
98
364
224
364
473
292
80
392
364
419
656
477
626
893
870
989
1079
698
1204
979
1566
1730
1888
1896
1474
1511
1095
1449
960
1074
1672
1412
1221
153
153
151
330
1024
348
345
719
417
801
713
872
671
944
731
1402
316
1109
1004
1432
971
1249
1609
1494
1395
1175
1380
1500
1424
902
1097
975
1111
258
210
269
330
1003
590
412
621
874
928
757
706
940
905
885
1049
981
1083
1547
1359
1411
1683
1635
1587
1342
1156
1723
779
1220
1012
1373
1086
276
223
222
425
1551
353
577
766
894
569
681
759
735
731
1411
927
1201
852
1683
1096
1538
1703
1282
1303
1078
1343
1317
1227
1058
1247
1309
820
264
192
332
295
402
1225
333
536
661
784
587
606
718
1126
864
913
896
848
946
1978
1118
2583
929
1123
1125
78
1681
1403
1398
1662
2006
1425
1890
1084
1
1413
0
1650
1403
129
282
604
533
959
275
277
461
782
682
779
929
679
683
719
1032
1035
1036
884
979
1379
1563
1270
1409
3136
1655
2624
1647
3576
1215
2846
1670
1437
1439
1459
1461
1927
1450
110
248
901
352
349
581
774
754
919
980
1009
1043
831
1139
1114
1431
1207
1338
1502
1757
1972
1372
1333
1318
1600
1719
1275
1232
1352
1227
1040
871
416
364
364
524
261
476
806
617
736
848
944
879
1411
692
979
1116
1321
1083
1515
1341
1319
1571
1239
1108
1830
1218
754
1241
950
890
843
443
273
300
472
483
720
105
443
1088
1232
769
889
907
929
1084
1297
1258
1139
1641
1585
1204
1308
1315
1597
1058
972
1257
1171
915
770
685
864
334
1014
542
497
645
553
935
972
512
742
978
630
1261
974
1370
860
1313
1569
1426
91
1441
1622
1069
991
1660
1408
1021
1352
1042
902
666
1338
358
465
550
458
422
824
519
518
497
1079
814
1418
865
1302
1140
1478
1166
1790
1691
1518
1468
1065
1197
1064
77
1174
1356
1318
1425
1006
1005
1081
685
1499
177
425
602
679
1004
487
611
947
878
1147
955
771
1265
1641
1494
1689
1677
1099
1546
996
867
1723
1436
1212
937
892
1020
906
1318
608
1446
742
480
608
435
686
880
804
720
808
945
1039
1041
1514
1516
1
820
1242
569
1565
1409
615
1739
1807
1761
1801
1520
0
1119
1424
1520
1524
1321
1933
1316
527
1080
1579
412
264
253
837
426
908
1002
1077
676
709
774
2033
857
1070
1079
911
2101
1328
1158
926
0
1500
1986
3774
2166
1864
0
1223
1042
1094
0
1260
1871
1901
1440
587
1460
1451
1142
746
411
570
680
1017
833
867
1013
1180
762
910
1302
1264
1812
1554
1781
1766
1544
1083
1294
630
1737
1619
1309
1135
1189
1108
268
1264
989
716
574
163
1623
727
591
683
484
561
701
834
0
934
1208
1210
1287
1288
1216
2490
754
2445
1426
1296
2020
1918
1802
1795
1517
1310
219
1478
1154
1319
1879
1356
1075
1
1355
1659
753
624
747
593
649
743
727
918
1068
900
794
0
924
1385
2561
1451
1452
1421
2626
1740
0
1481
1877
1753
1148
1333
1238
2757
1480
1482
53
1707
1477
1546
1
989
1276
605
522
563
742
606
886
424
1020
1251
966
862
1075
1398
1756
1462
1630
1704
1609
1270
991
1246
1534
1038
1030
1215
1391
1073
783
790
1039
833
577
805
712
749
1073
816
1021
1298
657
1192
1187
1521
1317
1494
1682
1315
1350
704
1191
1085
1509
1125
932
1294
888
861
599
328
911
671
433
527
520
728
1006
931
892
503
559
610
1434
791
1001
1348
1430
1278
942
1916
1405
1299
1548
1348
1619
1129
1311
1292
1379
1334
781
758
1007
1075
791
533
750
567
694
885
724
832
977
665
1161
1478
1239
1470
1466
1619
2127
1318
1621
1140
1194
1806
1431
1296
1137
1178
1079
951
886
1107
733
564
602
601
731
772
963
886
1072
1131
1050
1184
1197
1506
1371
1470
1461
1454
1479
1346
969
1372
1749
1083
1436
1419
1278
973
1039
925
880
499
617
448
871
1588
1133
1385
1053
876
1030
1240
1321
1778
1762
1208
1347
1158
1120
1843
1209
1002
1309
1038
1145
920
631
888
465
535
437
785
165
667
586
810
828
344
308
711
797
1861
1057
1380
435
1448
1256
1439
1758
1333
1171
1320
1590
1469
1002
930
1399
1262
1309
773
528
1188
603
395
405
778
909
255
905
726
781
508
673
798
1428
1041
1187
1487
1137
1390
1975
1415
101
808
987
1497
1090
964
1339
705
839
883
1113
1323
465
752
820
293
501
485
1069
740
678
1002
1425
834
1273
934
1366
1499
1675
1646
1241
1875
1056
1223
1508
1187
990
1174
1279
962
649
1073
1310
674
731
687
763
618
460
749
945
949
1471
794
1126
1335
1578
1262
1707
1442
1249
1170
952
897
1632
1176
1309
1104
604
1080
832
744
835
942
722
811
879
261
743
1126
706
1067
1034
1282
581
1147
805
1489
1136
1446
1940
1416
1190
1446
1406
1280
1059
1181
784
1009
648
836
1105
697
590
654
428
271
443
226
886
725
647
923
1373
707
1346
1004
1092
1043
1516
1644
1533
1377
960
1237
1178
1808
1032
1011
895
1035
801
917
965
778
362
472
694
407
615
701
591
675
853
359
1025
1057
1057
1104
997
1293
1205
2031
1340
1319
1087
883
954
1404
1684
1214
1093
1170
801
900
1474
842
285
623
758
275
314
547
599
757
889
1026
1051
810
1100
1258
1241
1301
1496
1812
1434
1201
1125
1030
1789
1276
870
1077
1084
860
563
952
838
406
385
971
278
899
886
666
659
1044
1260
1862
918
1210
686
1412
1173
1547
1406
1366
1187
1351
1269
1187
1136
1080
1152
1179
1083
671
1144
1145
668
474
513
525
427
462
422
92
169
556
929
1063
798
1033
1571
1155
1251
1618
1584
1394
1059
1181
1292
1286
790
1051
880
724
768
642
888
790
443
502
689
580
676
331
249
570
1019
1080
1394
570
1020
1074
1175
1210
1830
1835
1036
1188
1609
1096
1441
1152
856
1083
896
841
598
953
1215
668
473
752
673
648
968
428
471
745
1097
1018
904
1190
712
1350
600
1856
1163
1621
1281
1413
1528
921
1128
1474
1100
1547
1368
954
802
462
935
1388
1078
336
463
465
633
435
206
1198
1133
1139
815
1607
1405
1308
1703
1385
1307
1162
1220
1661
1234
1082
1104
1259
1116
872
933
1129
821
667
469
454
585
609
742
441
433
790
1414
825
853
1089
1220
1079
1460
1644
1472
1510
1237
1116
1474
1052
1432
1187
635
180
377
1093
949
714
848
508
310
400
582
448
610
409
407
1563
779
1251
779
1525
1396
1485
1869
1255
1338
1085
1038
1471
1021
1188
1299
1103
860
555
1064
1032
934
597
624
627
588
682
686
329
477
3632
1053
1212
1326
1639
982
1773
927
1691
923
1304
1459
787
1031
1105
1059
1153
708
812
818
401
559
344
414
659
527
605
709
724
392
218
501
230
896
1250
675
1223
1486
1322
1803
1220
1159
1284
1016
1516
1046
980
1356
1293
834
675
1216
821
647
310
923
330
545
624
444
598
420
395
194
814
1561
579
933
1930
850
1515
1691
1609
1392
1288
1384
1618
903
932
1192
934
1048
920
1239
826
797
743
888
441
736
498
353
660
512
1566
1075
947
1109
1253
1298
1263
1721
1328
1384
1352
932
1516
1469
1317
1308
1210
892
500
909
1023
774
652
630
561
81
293
213
523
357
418
413
796
1381
1035
1367
1524
1046
1582
1217
734
1264
1064
1642
1246
992
1233
1412
1240
785
735
1090
218
787
755
880
801
376
630
381
566
370
256
247
369
870
628
938
1898
1456
1553
1802
1177
1872
880
1168
1595
1169
1070
1157
568
818
626
830
970
811
420
557
753
478
511
637
676
444
465
267
254
395
793
1243
1393
1265
996
1674
1476
1496
1155
1368
1446
1284
1153
818
1270
1281
1082
1059
968
1063
239
691
762
846
608
661
132
294
580
323
333
409
205
1197
1712
1140
94
1432
1505
1650
1198
1032
1153
917
1408
1400
722
1142
1041
901
592
1040
821
551
421
525
495
929
703
577
424
797
390
652
354
205
996
1798
1352
1247
1469
1565
1739
1166
1144
1002
1316
1757
1617
1409
1556
581
1253
643
752
1065
777
576
354
379
662
604
698
241
250
243
469
272
266
144
1500
1081
1139
1303
1478
1606
1646
1406
1356
1291
595
1360
997
735
1490
1110
864
676
1090
1220
887
681
608
408
636
874
659
469
366
406
308
259
222
1030
1535
1574
1451
998
2012
1467
1338
1238
1181
1520
1555
1315
1274
878
1193
652
520
1215
575
426
690
670
597
735
620
245
323
348
261
323
302
254
113
1722
1032
1484
1418
1487
1942
1461
1307
1010
1381
794
1069
939
1263
1524
934
601
1007
1115
637
301
636
501
834
693
395
411
372
354
357
327
205
236
169
1697
1567
1438
1196
1345
1961
1945
1710
1594
1241
1318
896
1095
0
1586
1568
1024
608
1177
1122
989
1301
1
863
718
1372
1086
631
196
995
574
262
823
847
626
741
474
845
1349
1667
1239
1061
1499
1641
1413
1155
855
1025
1472
1014
1490
1325
458
766
380
1053
1074
957
721
643
845
683
464
685
740
286
600
427
203
267
1246
1247
2714
3166
1512
1312
1871
1903
1
1533
1346
1502
0
1442
1569
1717
1460
1461
943
1414
1188
883
815
816
916
963
1147
973
1807
746
390
500
500
472
689
1044
105
448
295
2
1303
1223
1958
3663
1859
1045
2572
2320
1499
1512
1
1043
1
752
1348
1349
1029
977
1379
3082
1139
1349
2513
911
1065
2746
1522
809
653
764
836
666
812
426
103
673
678
723
1090
2154
1092
1284
1778
1111
1434
1008
1589
1527
860
1337
1335
1248
716
687
1200
1255
743
903
750
433
491
551
585
605
340
451
261
306
463
424
123
1454
751
1028
1659
1527
1109
1344
946
1083
1430
1081
964
1360
865
696
674
1074
1022
981
538
396
608
680
587
432
537
724
365
373
355
184
263
174
177
1169
659
1615
1517
1636
1791
1276
1352
1419
1472
1168
1275
1181
850
723
794
743
779
645
560
625
568
574
674
729
572
526
437
471
226
220
110
141
201
87
1358
1525
1431
1597
1885
1537
2326
2208
1576
3166
1360
2795
0
1209
1625
1958
1316
1135
1345
3217
1880
1033
515
517
457
1248
1081
678
577
571
813
784
475
620
778
686
386
683
1406
2076
1195
1533
1484
1294
930
1143
1560
1130
1116
988
1062
724
849
1129
1190
418
538
573
506
556
520
390
285
417
312
452
355
230
250
91
108
81
76
79
1942
1342
1631
1459
1232
873
1287
1221
1165
960
1175
1026
1020
679
935
942
909
474
509
445
527
401
698
501
468
519
331
374
183
115
427
96
168
82
81
1485
1225
1582
1331
1608
1331
1363
1187
1005
1514
1205
951
1142
1195
1043
603
1184
867
501
590
718
806
605
591
305
268
272
351
308
246
161
190
139
1507
1392
1570
1644
1294
1227
1144
1724
1590
979
1292
923
689
723
998
1000
809
445
947
608
699
463
267
336
461
373
416
223
295
149
386
1815
2039
1247
1189
1369
774
1333
1206
1326
1079
977
929
830
1093
904
100
614
470
623
954
770
748
362
581
412
322
240
346
176
184
116
93
129
80
96
86
79
99
2265
1926
1096
1567
934
1318
578
783
1117
1335
1251
974
966
1025
682
737
536
315
218
176
417
400
482
339
262
481
221
136
308
95
152
139
113
98
162
81
89
1167
2398
1365
1328
1139
1133
1386
1176
986
1338
1209
907
519
999
739
642
579
573
649
746
351
349
789
446
315
283
412
366
120
146
85
83
134
102
99
83
1645
2070
1431
1488
1053
1124
1085
1436
1338
920
971
1233
513
596
955
852
939
518
497
881
655
370
586
563
560
321
424
178
201
141
149
80
87
83
158
90
99
2947
1536
999
1246
1017
1252
1596
1279
1050
1220
1174
821
753
1187
1008
681
321
320
175
690
525
687
758
417
244
458
298
166
153
140
129
95
93
122
76
79
1646
1963
2286
3637
1680
1565
1496
1094
1530
1642
1464
1118
1326
1378
1298
3136
1380
851
975
570
1126
1013
999
689
867
907
560
1044
588
595
648
445
482
324
177
277
739
491
1470
3344
1030
1521
1414
1096
1312
1004
1292
1320
519
887
672
1079
1138
604
402
673
564
494
210
581
609
558
443
331
474
763
256
95
151
146
97
89
80
75
91
101
334
1328
1946
1964
1430
1714
1226
1493
2874
888
1836
1229
0
1008
853
855
1093
117
1041
891
1027
1244
867
969
726
810
714
655
598
658
703
682
414
792
579
467
305
509
463
2037
1706
1293
964
914
1336
1276
852
1084
904
1264
776
623
1094
738
631
488
869
641
422
687
665
324
351
446
347
482
404
132
80
94
92
117
82
85
84
202
76
2355
1866
1068
1448
1056
905
1482
1089
1033
1114
1173
727
476
1032
829
452
568
822
390
813
607
524
261
429
85
246
270
534
236
203
96
90
88
76
88
80
2
2027
1450
1452
1761
2959
3017
1284
1054
1812
1421
1317
894
1097
1150
957
1002
1036
800
669
0
1168
769
640
912
833
633
565
434
395
863
689
427
441
176
471
229
348
1864
1690
993
1140
1251
1221
1205
681
962
863
728
508
926
1241
587
510
707
454
655
565
403
393
467
550
504
249
173
283
118
81
88
173
97
94
179
78
98
354
1860
0
243
1483
1311
1129
1149
1169
2350
1557
868
1188
2287
1589
1
1364
1177
1209
1098
1070
1192
1353
2551
1763
522
985
348
294
704
500
448
441
758
487
486
572
622
490
2498
1090
1477
803
1447
1387
940
1210
1144
1377
1013
847
1099
528
700
397
665
836
735
688
655
581
340
473
114
141
174
293
81
79
84
79
135
80
110
155
78
2179
1111
1269
1099
588
1320
1063
1314
1059
1129
860
580
1122
528
445
541
799
676
660
382
494
412
339
304
235
218
498
292
137
229
87
96
169
122
94
86
84
144
1707
1209
1275
1070
1429
834
1121
1188
1335
829
673
1001
1010
524
677
519
640
836
646
702
445
387
426
520
260
515
94
388
87
93
150
128
111
94
80
93
78
88
1475
1895
1310
1139
1233
1154
1297
1186
1395
1121
701
478
1032
706
577
554
544
345
625
207
604
477
400
175
260
237
197
99
86
85
86
85
87
107
99
76
93
124
156
1862
1842
1416
1121
903
1363
1343
974
985
859
1013
847
1428
934
237
415
385
437
531
735
739
664
428
153
451
271
336
120
248
87
102
157
94
99
164
136
277
92
80
1376
2012
974
757
1485
1185
1216
1096
1314
910
695
882
883
860
699
776
256
518
632
761
481
494
308
498
223
133
236
411
110
80
75
133
100
81
81
87
141
160
95
1368
1211
848
1145
1242
914
181
1411
1258
722
608
952
751
508
825
471
859
793
793
278
408
490
389
295
178
222
285
119
79
98
123
119
83
89
85
141
77
90
103
1924
1313
1277
1443
1578
1056
1153
836
724
773
652
995
739
645
509
964
774
571
394
292
599
439
342
323
150
139
444
131
84
110
79
88
81
83
102
84
91
102
2064
3644
1507
1165
3461
2079
2252
1375
840
1107
0
841
744
913
651
1051
1031
1133
691
692
537
585
553
778
652
804
524
694
367
394
719
455
501
373
514
266
149
237
1046
3083
1397
1
1125
1255
1513
1380
810
1379
1538
1540
148
1169
885
886
944
1232
773
975
500
797
597
240
666
385
861
887
716
631
669
542
383
419
325
374
162
87
248
1952
1523
1240
1344
1300
843
1146
758
1120
893
1119
968
682
326
942
378
696
140
635
348
361
314
333
413
145
293
201
124
96
82
288
95
95
128
101
77
100
86
1333
1205
1313
1354
1178
767
1249
1207
862
353
1083
970
731
274
764
726
878
758
485
775
408
408
418
235
96
247
175
117
80
85
122
98
83
104
83
76
173
84
75
1415
1347
1080
1380
1187
1390
1039
1062
839
708
1078
860
446
363
586
434
737
786
559
345
338
473
490
350
250
133
362
140
157
91
91
87
83
81
116
81
100
78
85
1860
1079
557
1389
1013
915
866
1275
691
826
1075
541
413
686
335
279
328
668
315
349
373
428
266
321
197
160
195
178
81
88
147
100
173
80
124
100
78
113
74
1485
1654
1514
1409
1862
1814
1238
1687
1024
1413
2740
961
1072
1208
1209
908
910
423
699
602
481
1074
815
911
417
288
89
534
568
177
502
501
550
389
242
156
399
177
1154
1252
2952
1790
1289
933
0
1075
1651
1096
1254
823
892
745
1088
843
607
512
734
1016
944
520
149
490
415
334
421
627
399
319
155
520
177
164
189
298
180
196
1651
902
1426
1318
1014
1234
1297
877
675
699
1040
804
649
502
421
560
436
441
592
538
313
278
394
146
230
253
81
79
111
86
79
82
83
148
124
95
168
96
1818
1511
1363
0
1823
0
1096
969
1140
1250
1141
979
624
723
0
601
882
364
458
482
519
256
631
553
612
353
617
618
380
280
503
94
231
453
490
310
199
397
2047
1718
1446
1509
969
1310
1
1426
991
1908
683
1073
696
573
389
561
620
519
877
310
252
453
337
299
101
313
145
277
214
109
187
88
78
141
93
173
79
1602
1799
1333
987
1953
3575
2982
857
1408
1231
955
1116
1018
906
872
1249
896
947
734
569
1527
325
424
866
854
619
501
717
431
668
478
237
346
634
244
85
189
181
202
1351
1076
1207
1442
905
1253
940
763
508
779
1140
435
613
706
313
782
492
704
520
655
408
336
337
125
235
195
192
89
83
103
122
183
84
136
128
82
91
90
78
1499
1513
683
892
1066
830
1410
858
1044
1069
757
834
611
430
578
456
394
514
122
567
273
79
414
108
286
171
148
93
92
144
83
83
141
107
88
195
79
79
1207
2649
3313
4136
1893
1038
1618
1335
0
1134
736
635
857
1212
697
423
461
449
375
640
421
342
486
635
320
229
249
164
295
163
236
151
81
123
148
122
166
88
126
1071
2094
1224
950
1038
1115
813
963
1241
939
582
563
552
908
773
916
465
368
440
482
132
427
451
240
161
198
406
75
147
81
87
92
78
79
84
88
95
362
83
1804
1507
1179
1326
913
1295
745
635
1000
756
906
590
442
91
333
624
502
439
553
365
415
209
89
199
131
86
112
88
100
80
83
267
132
89
114
83
82
184
1437
1910
1495
1320
1094
1091
1126
737
1153
1026
764
772
585
394
491
407
543
724
521
458
326
450
478
142
191
85
89
91
170
85
80
93
96
106
76
82
120
265
142
1018
2012
1452
1014
709
1048
828
537
1101
741
632
562
479
501
555
562
466
464
148
320
312
263
363
173
181
229
100
80
97
79
100
105
82
122
127
79
117
94
111
1226
1361
1147
1060
923
988
694
726
823
495
625
495
750
491
473
588
671
350
443
506
341
503
108
107
88
103
77
126
82
108
79
91
74
90
96
84
80
123
978
1602
1666
1150
1196
1215
768
748
969
809
439
801
488
937
326
832
779
213
432
126
455
224
511
150
204
171
87
88
88
215
87
87
113
84
78
103
87
115
1657
1268
801
1098
109
1109
671
1136
1216
726
520
801
382
572
549
753
418
405
299
179
209
396
120
99
101
78
158
90
136
84
129
102
128
112
83
103
107
105
1345
1633
848
1420
1019
1156
901
550
1147
846
589
705
1393
662
489
538
341
698
465
243
228
225
444
183
81
88
79
102
79
77
182
79
94
82
85
85
386
118
82
357
1866
987
1024
660
847
877
1109
1079
854
412
654
377
612
740
378
78
438
299
413
219
197
163
269
156
105
148
90
85
84
89
266
136
93
89
77
90
203
83
1400
1709
1282
1245
1217
933
761
966
397
328
446
398
536
627
429
284
357
537
223
248
243
478
257
163
129
86
91
226
115
101
100
85
106
83
82
86
180
149
1758
3911
1122
0
1264
1561
1564
1002
561
638
816
1123
1267
824
857
743
888
395
691
668
808
880
146
559
202
271
455
379
382
462
531
239
155
257
383
261
385
85
79
2433
3626
1010
1121
1547
1151
1281
931
1007
1
829
909
963
459
798
480
417
420
569
94
453
334
867
620
736
440
458
239
437
200
353
123
417
251
143
121
84
78
