94
96
83
83
86
109
78
108
117
87
117
169
292
308
307
289
384
559
596
739
565
816
801
855
646
530
1202
1297
1310
1104
1222
1490
1969
1885
1772
2034
1323
1426
121
94
82
76
75
76
104
98
103
463
315
237
253
297
339
398
495
460
345
631
627
649
856
721
774
826
1239
1057
807
1351
418
1405
1457
1160
1638
1681
1250
117
90
76
77
80
106
114
98
83
87
957
392
280
347
331
473
333
686
512
769
785
894
928
1042
957
38855
1622
1737
1698
91
92
94
84
92
85
91
97
116
93
450
149
375
253
308
638
691
236
582
915
664
910
1007
604
1043
1736
1855
1368
114
92
77
76
95
92
73
87
80
189
150
154
397
463
409
448
609
381
756
876
798
1124
987
648
1177
1687
1566
1424
1806
169
78
79
85
86
85
93
88
133
1138
203
247
232
382
223
439
400
309
979
901
1089
796
594
1114
37131
1358
1570
1740
91
92
75
86
97
86
85
77
296
362
169
203
378
378
350
447
731
226
555
782
794
522
996
809
1277
706
1094
1390
729
1150
1795
1588
1897
1853
1433
1455
1605
165
92
77
183
84
76
87
552
182
175
141
142
251
271
365
508
489
674
680
733
861
820
743
942
1292
1266
1193
1018
1346
2070
1448
1261
1757
2003
1585
1784
111
80
77
163
85
78
92
110
126
506
422
421
133
295
197
686
196
641
631
954
859
881
930
1361
880
1184
1090
1357
1377
1598
1314
1669
1870
1794
1560
1469
75
75
74
90
85
80
90
109
1199
115
82
231
386
490
613
388
688
506
784
886
814
875
780
1047
420
921
1652
1227
730
1634
1472
1499
1903
1802
2002
79
78
81
86
89
86
116
83
198
213
306
330
180
474
463
473
431
915
835
829
599
451
549
656
1243
1406
1282
1201
1574
1196
1649
1571
2097
1839
1397
1572
75
80
76
76
85
78
87
88
190
203
296
454
208
453
217
699
638
833
675
972
651
891
1231
1175
1059
1415
1662
1439
1724
874
1383
1518
1493
1465
1629
1345
75
83
82
80
81
80
98
403
173
204
344
276
189
376
625
567
635
671
615
1116
1063
931
926
854
827
998
1336
1180
1629
1473
1378
1506
1759
1906
1712
1680
76
75
95
99
83
81
152
1215
97
166
305
372
636
310
491
425
845
572
904
497
603
823
975
947
672
1038
1045
1416
1607
1389
1247
1457
1892
1844
1335
1430
77
91
104
76
85
99
108
1013
195
319
308
458
418
469
557
445
539
707
834
1101
820
1567
878
1117
978
1209
1215
1461
1433
1374
1468
1737
1239
1695
1852
1800
103
84
117
83
90
102
205
89
418
426
321
378
322
524
358
518
534
775
1039
713
674
760
1190
1115
1500
1323
1278
1810
1218
1344
119
1772
1502
1154
1711
85
77
112
81
88
96
263
345
260
127
325
428
445
526
527
474
678
602
733
1093
703
750
779
1130
1158
1217
973
1346
1365
1624
1751
1960
1221
1257
1671
1791
96
89
85
81
96
155
122
182
292
324
218
130
280
499
526
532
1002
702
830
897
658
963
1029
936
1203
1217
1244
1622
1508
1424
1388
1703
1457
1833
1478
77
83
97
90
438
137
276
226
86
286
244
324
278
561
238
613
1059
807
990
637
1115
1270
1185
848
1387
1135
1297
1638
1680
1463
1507
1287
1680
1722
1555
78
92
79
80
443
136
111
125
102
188
497
325
400
353
376
492
358
852
915
935
1016
867
1100
1530
968
1203
149
1575
1656
1851
1964
1124
1317
1681
79
82
81
101
124
237
884
237
138
310
307
462
453
733
332
782
826
850
957
876
750
984
1103
1040
1172
1143
1414
1340
1009
1613
1883
1578
1207
1546
1319
81
95
90
93
107
130
164
176
307
349
334
410
480
351
520
892
866
796
793
503
1060
892
1273
1046
1320
1192
1549
1476
1356
1844
1586
1375
1786
1600
86
82
75
83
188
234
160
186
356
279
373
307
286
624
790
1172
744
843
1052
963
1098
1193
1377
1199
1251
1052
1360
1643
1427
1448
1761
1677
1885
1379
1177
81
81
402
121
391
113
298
125
263
338
417
314
565
512
955
775
972
1012
903
677
653
1151
1057
1151
1365
1183
1499
1297
1277
1875
1846
1838
1878
1496
88
99
91
87
192
303
193
310
140
272
437
236
498
550
866
810
928
662
715
693
915
1017
1082
1521
1374
1542
1806
1532
1470
1870
1543
949
1585
1861
1739
74
84
112
91
122
125
408
286
223
280
530
852
585
694
782
604
1101
950
891
939
1055
1048
1300
1399
1510
1577
869
1451
1490
1814
1494
1884
1264
855
81
108
83
107
122
136
225
470
714
611
525
1002
545
702
957
1072
966
1187
1157
1096
1210
1228
1304
1332
1326
1473
1849
1127
1585
1880
1101
1584
83
92
163
85
999
4823
413
503
430
398
453
906
736
1048
735
1061
1045
1076
1372
927
1258
1397
1455
1632
1628
1886
1532
1829
1672
1676
1335
86
83
101
138
202
188
172
314
486
509
715
443
480
684
789
745
968
447
848
1164
1091
1141
1059
1348
1597
1729
35040
1534
80
410
200
130
263
168
84
211
383
349
368
439
427
628
689
778
473
796
940
1005
1337
1207
911
1167
1573
1705
1650
75
110
190
116
282
652
220
296
397
535
435
497
727
764
582
974
707
758
878
1053
1065
1467
822
1452
1304
1454
1194
1481
1904
1265
1503
2024
1394
1580
77
108
88
284
127
194
296
578
397
524
618
333
496
859
576
818
798
161
996
1062
1174
1310
919
963
1618
1460
1310
1197
2046
1345
1788
1696
1367
1351
76
88
171
1213
390
172
321
373
519
496
463
727
894
717
1111
847
814
816
1288
643
1306
1259
1412
1402
1430
1363
1488
1976
1655
1782
1359
1515
1289
94
215
102
483
95
248
362
317
379
637
380
782
879
819
1041
1057
323
1052
1217
871
1089
1462
1238
1477
1392
1274
1305
1840
1211
1429
1455
1209
1896
88
111
92
135
209
199
345
407
377
494
634
379
832
804
915
666
419
960
1123
1421
1258
1387
1265
1732
37016
1563
745
81
84
259
219
132
287
249
199
419
472
308
830
789
945
981
1034
1111
1237
1094
823
1098
969
1128
2154
1573
1826
128
113
1130
207
140
335
481
859
765
482
524
839
1440
538
1196
1013
1263
1574
1467
1286
1522
1312
1298
1140
2165
1927
1318
1302
189
100
476
117
263
392
12036
593
951
1058
321
966
988
1223
1039
1012
1234
1903
1838
1885
1627
1713
1667
1834
1494
1479
1774
240
1042
1231
1270
1910
1789
936
1366
1464
250
76652
1311
1209
1800
1229
1132
1253
1505
160
324
120
189
90
221
451
616
573
251
658
781
558
1011
890
336
729
958
1204
1184
1434
1378
1869
1459
1792
1974
1763
1339
1676
197
132
155
108
300
340
623
375
429
599
835
836
836
749
865
1050
1231
1259
1106
660
1092
1497
1264
1299
1473
1800
1114
1595
1497
297
111
187
303
346
524
498
749
460
10384
486
865
1147
927
1311
1093
1244
1370
1453
1570
2133
1764
1767
1457
1760
807
1646
1318
110
107
405
216
302
409
539
476
324
729
307
309
688
695
613
625
1009
798
965
1189
912
938
36214
37544
1614
1627
1746
1886
1150
1991
1413
3571
3239
147
206
259
298
340
412
743
295
781
1067
870
946
1013
911
1048
1427
1485
1544
1975
1088
2004
1498
1691
1654
1452
491
1371
1838
224
405
172
95
434
425
669
951
776
848
493
871
709
945
790
1033
867
542
951
971
1100
1172
2096
3491
4002
3450
1770
1417
1886
997
1061
1029
972
145
197
351
500
195
574
598
404
724
779
874
936
502
1023
871
1025
1061
1309
1224
1508
1545
1401
1702
1533
1734
1624
543
1695
1700
1743
1291
370
206
383
364
436
473
427
803
724
775
1029
747
988
1085
818
975
1006
986
1111
1556
1507
1399
1207
1590
1356
1862
1819
1059
1640
1083
103
90
292
315
609
652
451
777
798
810
742
835
547
853
1294
1316
872
1401
1501
1250
1632
843
1977
1375
1944
1597
1506
1337
1089
1416
1164
295
279
392
439
678
512
475
992
831
932
716
721
819
1154
887
1008
1174
1069
1581
4773
1285
2015
1483
1495
1750
970
1231
1398
1065
921
1234
328
590
508
565
574
490
646
687
747
704
620
587
1055
904
823
1070
2792
1428
1403
1134
2455
1300
1076
1360
1472
1819
1371
1879
2078
1327
1972
1143
3557
4428
1078
1231
1246
523
327
359
756
502
702
487
483
723
934
857
963
706
708
886
548
1303
1102
1171
1110
1210
785
1361
1363
1824
3156
24801
26014
1447
1212
696
1698
980
808
1179
1102
448
692
284
380
783
855
653
869
1110
1051
1169
1156
703
1284
1149
1351
1796
1284
1502
1376
1649
1478
2042
1854
1143
1526
1607
1216
475
467
848
318
940
863
915
780
824
851
965
1273
1170
1400
1253
1533
1503
1224
1553
1992
1697
1294
1554
1295
1010
1576
995
953
694
737
444
568
809
730
898
1032
996
1029
716
1256
1487
1348
1389
2089
1341
1512
1719
1287
1218
888
1224
810
885
451
596
725
1001
793
655
834
744
1024
1062
1275
960
1330
1212
29253
1397
1504
1478
1351
1271
1254
1021
693
534
704
843
541
594
542
938
1101
1228
1358
1506
1314
1349
1518
1411
96
2278
1624
1686
1756
1366
1114
618
901
1501
1280
1151
1097
590
473
281
979
671
778
922
834
1121
804
1212
668
1478
1218
1494
1464
1392
1842
1809
1302
1794
1521
1623
1296
1471
1149
1343
1309
1131
1079
718
1005
940
776
999
976
1079
921
1133
927
889
1181
1782
1752
1382
1333
1703
1247
1167
1732
1406
1816
1247
1216
1324
1482
1091
1157
983
867
766
830
872
614
900
1090
927
1436
1296
1835
1293
1639
1213
1367
1236
1146
1210
969
1214
616
539
815
612
481
1207
1098
941
1132
1110
1216
1777
1403
1207
1845
1510
1943
991
1739
1390
1691
1459
1433
1315
1434
1001
734
995
777
724
1019
1054
1273
991
1187
1330
1719
1312
1260
1405
1856
1172
1374
1692
1144
1277
1259
1228
1349
1277
1118
1204
785
887
464
902
1229
1182
1308
1055
1140
1532
37407
1473
1335
1226
1038
1199
1132
1040
1036
757
999
991
890
921
906
1244
1064
1187
1316
1650
1455
1363
1632
1444
1969
1702
1396
1612
1324
1137
1074
1307
1032
1282
1254
817
694
914
944
894
904
1054
1155
1192
971
1764
1576
1232
1740
146
1403
1612
1462
1308
1327
1212
951
1097
1179
568
840
1022
1355
625
935
758
824
961
1057
1027
1077
1601
1377
1757
1588
1201
1612
1507
1439
1623
1205
1486
1531
1505
1198
1122
939
1231
1305
879
891
903
893
694
674
912
890
779
1104
1527
1203
1275
1057
1053
1435
1495
1255
1552
1277
1186
1637
1716
668
108
843
930
1114
1090
1150
615
814
582
206
580
549
615
1017
1118
1297
1520
1568
1262
1591
1334
1465
1426
1703
1588
1146
848
962
1110
1357
1341
945
1406
1248
816
898
801
1187
908
762
1170
969
1500
1579
1015
1608
1058
1334
856
1210
852
772
1256
1363
948
1086
1354
1593
1219
971
1344
1626
1708
931
1364
1135
1638
1205
1286
1308
1366
1223
731
1145
851
939
556
305
936
886
792
995
1326
1382
1441
1244
1392
1676
1345
1604
1881
1155
1459
1656
913
1172
1176
1251
930
991
1122
767
1024
462
1070
973
916
979
1388
1332
1417
1644
36658
1637
1600
877
869
1253
916
1257
797
847
1194
1231
1064
1419
1515
1238
1470
1316
1550
1740
1864
1277
1589
1197
971
840
1032
1225
1114
1141
1003
1177
968
1071
1152
718
1084
959
1343
1093
1523
1222
1262
1621
1876
1567
788
1419
1299
1656
1186
1068
1229
1302
1110
1253
883
1220
1011
601
1058
1307
1365
1273
1421
1646
1736
0
1361
1360
1720
1282
1617
2023
1437
1623
1519
1975
2206
4039
1469
1558
1371
1372
1192
913
1578
1032
1319
766
1263
0
1367
1
733
1241
936
2
1399
1154
3248
1020
1022
1580
1444
1418
1655
131
1152
1308
1221
3787
4084
1435
1923
1952
1309
1287
1620
0
1582
1336
1338
1232
2342
721
974
1147
1012
1005
958
931
1331
618
1581
1031
857
1872
1336
0
1597
1260
1382
2053
1634
1172
1614
1244
1742
1726
1711
1826
3799
1811
1437
1793
3132
1748
1028
1359
1208
1444
1368
767
915
1125
869
1091
1031
1178
2555
1136
370
372
145
1134
1553
1354
0
1324
1418
3654
3563
1278
1541
1797
1255
1881
1993
1603
1725
1669
1442
758
1921
1378
1661
1896
719
848
1176
1167
1374
902
1191
1225
1340
1175
1261
1422
1387
2885
780
1110
1787
3545
1308
1381
1266
1602
1472
3004
3440
2028
1715
1419
1337
1810
1395
1610
1149
1603
0
923
1447
2620
1480
857
937
1320
1147
2356
2672
1048
1032
1011
1175
707
1105
1118
1443
1513
1174
1439
1535
1343
1077
1153
852
1054
1043
1036
1101
1099
1000
935
1175
930
782
973
1127
1432
1391
36864
1278
1265
1173
1053
1083
1134
1090
1279
1113
948
860
1011
910
2
266
1612
1391
942
1346
1557
1214
1675
1714
1240
1197
1352
1673
1717
1868
1674
1418
1455
1677
1277
933
0
1346
1273
1518
0
1291
1368
1236
1013
1248
2743
241
1045
1131
965
2310
1012
1161
907
1341
1501
1289
1419
1184
1096
1342
1681
1674
1613
1454
946
1131
997
1538
1171
1181
1167
1098
1031
1231
656
817
1006
1164
431
136
1101
1391
1393
1333
1560
1379
1598
1649
1418
1629
1524
1084
1500
1149
1110
1101
1135
1088
888
1216
643
779
813
1211
840
691
758
1388
1113
1218
1431
1865
1323
1214
1966
1525
1372
1260
1013
1490
1342
1328
1163
1295
816
1223
1233
1124
1058
998
907
825
895
662
1491
905
1233
1335
1357
1570
1603
1459
1214
1537
784
1198
1395
1374
904
981
1023
829
1036
981
846
1374
921
1161
1270
1744
27091
1595
1202
1193
1046
1055
1103
1187
850
889
1283
1126
1102
500
767
689
650
627
2481
1766
1172
1086
1088
1884
2234
1496
3140
2106
1783
1841
1499
937
1830
1871
1379
1648
2942
1359
1451
1602
0
1219
31
1185
1323
3109
1236
1021
0
871
1097
946
947
584
766
908
1142
1083
987
1375
1676
1093
1342
1533
1381
1836
1483
1800
1519
1779
1316
1068
880
1075
1259
952
852
1123
1413
1050
252
1403
1469
1342
1514
1656
1363
1525
1493
1395
1765
1606
977
1164
951
944
1170
856
1088
1123
1576
2990
3325
1452
1636
1939
1127
1222
1012
1587
2956
1891
1715
1737
2051
1736
1427
1159
624
941
1226
952
1078
1052
1083
750
928
1353
1213
1314
1201
1412
0
842
679
688
1084
885
1282
1787
1725
1493
1163
1129
1556
1485
1726
1385
936
1445
1360
806
972
962
1214
1039
1150
771
1121
965
899
815
826
488
608
715
1484
1335
1203
1323
1609
2069
1590
1678
1763
1614
1457
1349
908
833
1011
565
1065
1116
1110
1050
1079
731
1009
1176
979
887
767
1661
1005
1563
1542
1236
1000
2121
1307
1835
1825
1741
1351
1242
1467
1276
1278
1019
1401
1357
908
1182
1142
630
638
753
499
0
1133
1208
1298
2023
3540
1424
2194
2014
1332
1606
1805
0
1715
1658
3232
1460
3618
3310
1443
1139
1389
1260
2560
2403
1161
1244
1167
1000
1296
263
910
107
977
1372
546
688
1014
173
1793
1520
1373
1466
1584
1345
1281
1376
1312
1257
1352
1550
1356
1246
766
1023
870
1053
1029
1200
1346
820
894
1017
911
1136
1870
1523
1203
1376
1796
1906
1351
1398
1519
1411
1196
1127
1053
1024
1397
982
996
1072
936
833
771
801
688
656
1156
1149
1583
1226
1706
1795
1259
445
1494
1146
605
1553
1489
1158
1364
1202
876
1121
822
1183
1051
816
868
563
717
916
829
661
1438
1555
1313
1275
1512
1796
1600
824
983
1669
924
1499
1463
995
748
1288
1159
1172
885
988
984
839
1217
971
762
948
897
512
1152
2013
1247
1099
1965
1211
1237
1488
1372
1457
1089
1177
1328
1120
1104
1209
1187
1237
1130
1266
1180
950
455
729
764
788
947
669
584
1626
3671
4173
1875
1344
1
1333
165
166
1382
1457
1619
1533
1535
1
1322
1379
1159
1684
1303
1297
984
880
1159
1333
1356
1029
977
995
699
1057
1059
0
1143
1085
1861
788
741
1367
6777
1578
1436
1312
1397
1806
5017
1211
822
1175
979
878
833
1027
912
592
835
732
843
933
734
734
728
1229
1014
353
895
2233
1641
1096
1295
1536
1156
1429
1982
1171
919
1485
1086
926
1017
1108
1400
929
937
884
964
900
768
660
842
588
742
574
489
465
2075
1696
1500
1604
1152
1622
1591
1108
1350
167
975
1377
1191
1263
1433
917
759
581
670
566
725
1785
2389
1367
1465
1888
1363
1343
1725
1165
1091
1470
1221
1249
1133
784
1071
28524
561
243
701
686
1968
1149
1357
1400
1570
1543
906
939
1253
1039
876
1528
1025
1259
953
861
1249
1001
1085
912
645
635
594
729
599
523
1028
1711
2275
1408
1870
1624
1213
1474
1496
596
1846
1735
1082
973
720
737
1232
1239
673
967
994
957
1031
409
1428
388
336
538
573
536
788
1682
1429
1326
1769
1464
1527
1595
1301
1224
1379
1071
792
839
982
1169
1188
901
859
913
1029
857
865
785
849
642
700
373
758
921
371
2179
1235
1630
1643
1396
1872
1276
1673
1956
1327
1060
1070
667
912
885
925
973
1337
1079
1068
1211
1063
769
391
1068
291
255
969
691
802
1857
1165
1598
1270
1814
1518
1753
879
1118
744
1108
814
1167
1054
807
1167
867
1026
1154
896
606
699
724
639
434
573
298
582
794
921
1833
1282
1600
1497
1509
1147
1452
1659
1032
1164
1241
1145
628
1176
1081
903
1048
829
1040
1220
540
521
794
614
724
847
868
758
576
515
1027
2690
1449
1450
0
1430
109
1316
1699
1475
217
1878
1716
1602
0
1415
0
1186
873
1106
1061
1208
1047
783
1389
1243
1244
1386
1924
929
1015
1354
1413
1617
1568
1542
1270
1516
1442
1552
1366
1404
1032
1008
1116
1182
592
959
1294
1020
1001
793
618
815
806
594
559
574
624
803
602
472
535
445
357
1388
1929
1804
1248
2224
1750
1165
1431
158
1621
1053
953
817
928
626
1183
1210
923
1098
1349
1163
1082
816
1026
464
522
799
515
776
515
307
816
1565
1714
1593
1158
1223
1869
1945
1270
1283
414
1019
1287
941
671
886
1150
583
1271
1107
752
929
747
834
1317
487
993
1107
953
489
263
341
1867
2072
1448
3215
0
1448
1844
2087
1536
1537
1463
1464
0
1202
810
880
1038
1072
1281
909
1335
995
1182
917
1066
902
1877
739
1074
781
929
969
1996
1380
1855
1832
1331
1723
1145
1263
1399
1417
900
1561
1198
1438
819
1062
1183
553
974
977
573
338
884
883
455
527
708
689
563
548
432
291
2154
1527
1151
1597
1430
1550
901
1136
1420
1088
1129
1359
990
1191
1137
1193
729
717
872
722
679
939
680
774
805
664
684
621
285
345
235
1641
2233
1313
1808
1601
1010
1252
1676
701
1428
1108
854
1241
871
834
834
974
1066
777
619
12904
667
848
907
601
228
459
208
2364
1682
1721
1656
1307
438
1324
1365
1491
711
1187
1218
1284
1179
1075
1026
713
1042
682
809
617
671
697
567
384
445
315
376
2
735
2186
2163
1469
2035
2155
1495
1910
1332
1587
1588
1138
1397
658
0
1005
1455
1046
1021
0
769
1137
40702
40962
253
97
2521
2065
1358
3149
1995
2186
1936
1812
1622
1690
1374
1555
1247
2829
1172
995
1226
1077
859
1009
1264
2412
1135
425
499
407
584
1719
1968
1663
1805
1210
1605
1662
658
1151
1183
1154
1033
1201
618
1100
10516
404
652
862
692
796
453
631
616
506
465
442
226
1279
2319
1847
1757
1223
1442
1378
1503
1056
980
1379
1427
1139
883
1038
1066
649
907
977
160
640
820
426
845
808
2390
1274
1805
1630
1651
1243
1363
1107
1342
952
1228
1157
1310
929
961
790
1118
916
934
597
548
406
648
318
2758
2957
1600
1848
1422
1424
1285
1636
0
1333
1
1098
1485
1068
1106
24341
24920
394
2454
836
893
807
908
1002
680
855
1012
698
633
523
493
650
476
97
316
725
387
309
1197
1442
1710
1550
1446
1471
1
1700
0
1538
847
2454
1119
2392
1076
1056
1159
937
1686
885
685
622
802
761
808
763
813
887
886
834
607
576
627
296
311
233
179
265
625
2401
1544
1655
1288
1469
1949
1197
1083
1240
1257
1003
1083
1195
1077
856
830
433
464
685
510
615
911
798
693
404
287
480
546
1497
1832
1692
1390
1654
1329
953
1363
1248
752
1462
940
983
898
1149
790
981
925
633
561
622
949
623
621
715
815
887
514
424
348
310
266
498
550
307
1183
1288
944
519
1250
1102
1237
860
1253
1065
1366
1039
921
1315
949
1081
1186
648
709
991
428
447
582
636
563
820
756
265
493
219
460
106
324
520
1761
1638
1430
1315
1356
1381
1350
1260
1235
797
1182
1083
1173
869
480
1014
927
718
662
559
1411
627
855
807
623
508
571
408
311
391
299
550
470
320
2279
1431
1725
1922
1538
1249
1033
828
1299
1021
757
866
891
506
893
894
1196
940
860
584
634
575
644
874
475
580
310
276
400
284
352
506
303
469
1778
2211
1638
1430
799
1626
1286
1158
1342
1207
1323
790
923
994
1123
1011
926
423
636
693
445
264
491
393
395
83
448
2304
1372
1361
1618
1308
1248
1191
1455
1245
1007
934
975
943
1120
833
1027
23751
503
397
315
226
324
443
441
388
313
2450
1916
1458
3568
1295
1313
1286
1656
1391
1392
1041
2613
1091
1270
967
1443
1142
1014
941
1305
608
991
868
846
282
567
861
805
110
790
870
897
772
571
921
989
466
1216
935
1694
1516
1357
1539
1039
1063
1220
1165
1057
1070
1140
899
691
481
782
593
422
738
481
417
326
444
461
361
526
282
111
175
1463
1288
1403
1092
1082
1209
902
832
708
1020
951
28355
649
721
744
568
278
254
302
304
169
434
524
489
388
768
2159
1690
1475
1460
1323
1393
973
1221
1550
828
927
922
1026
910
940
891
953
718
115
427
471
621
517
798
551
655
301
351
3287
320
459
324
128
80
1950
2209
1837
2200
1
1528
1318
1453
726
467
1148
1150
0
1313
1090
2212
1075
1077
1247
2399
1263
938
2382
1024
960
1004
980
813
837
742
636
94
965
562
906
130
440
675
218
1622
1309
1378
1678
1094
1324
1045
934
1173
760
776
1145
1171
826
37872
291
477
223
371
273
227
255
499
1615
1277
1401
1452
1075
1178
1268
1027
1300
812
911
1003
911
1151
585
538
792
729
1075
633
840
538
713
621
651
530
427
456
338
492
149
283
284
82
1441
2083
1463
973
1084
1145
826
914
987
1179
1115
813
979
1038
996
415
284
535
361
492
114
403
175
1542
2009
1457
1369
1466
617
499
923
827
1090
1114
1026
920
810
1039
985
475
997
591
856
298
368
769
451
402
449
244
2617
1017
671
1415
1442
888
1356
812
853
595
762
1234
926
1140
799
1139
543
811
696
730
675
7725
409
275
435
394
279
200
205
112
155
2412
1417
1271
849
992
958
1072
1101
1203
942
1029
1127
885
705
1109
848
804
672
919
662
490
703
25152
190
80
160
88
1581
2133
1724
971
1523
1408
1318
1040
973
1082
1338
1175
886
628
933
813
815
872
317
509
661
587
871
285
553
172
316
393
410
418
413
550
186
253
81
195
86
101
1986
2103
1340
1088
1278
1295
1292
1028
145
1057
1164
1021
980
534
1174
9141
540
504
796
879
577
459
393
402
586
251
167
233
143
124
84
1340
1964
1577
1432
1331
1117
1202
1150
916
986
1011
802
952
845
850
705
526
783
467
369
748
589
878
519
318
344
393
396
130
562
675
461
235
286
98
125
144
90
95
2700
1645
619
1384
1375
1330
869
1079
764
877
1024
896
995
783
557
730
396
1020
472
527
660
842
822
632
283
284
182
362
661
363
233
460
249
264
111
433
91
1459
1988
1084
1147
708
992
1165
1434
1324
880
795
1104
885
838
581
662
547
841
788
735
749
849
541
384
284
213
420
305
506
699
564
357
398
408
893
87
212
90
1551
904
1378
856
1008
806
1221
738
1219
1118
1146
904
750
579
669
566
828
583
603
456
578
802
610
267
529
401
307
415
288
605
558
198
650
92
211
87
2477
1239
1695
1507
926
864
1179
1441
1276
977
1283
1010
1086
1060
680
774
842
526
678
814
659
810
688
335
384
209
256
482
376
358
218
177
145
120
111
235
106
1446
1486
992
1422
1064
1216
899
1411
1148
972
1222
1223
1217
1101
865
656
641
654
508
710
976
736
619
399
461
370
440
338
358
307
486
278
153
419
183
82
2149
1514
1596
1281
1086
1146
1274
1153
1124
821
780
545
451
841
916
721
847
496
347
492
490
761
819
566
427
314
304
504
613
378
458
465
355
94
177
157
83
158
1274
1459
1262
1065
1402
859
1104
633
1046
863
1050
984
1178
857
711
539
1396
487
688
392
542
574
459
404
422
309
308
350
422
354
306
102
165
119
134
88
143
1602
2444
1359
1334
16643
1135
1010
870
763
725
823
610
651
298
446
583
801
749
839
704
310
344
323
449
300
466
225
237
284
231
152
90
236
260
2200
1516
1245
935
1273
942
897
1129
812
833
977
950
1191
834
777
784
658
971
918
903
627
573
297
344
193
203
369
450
285
524
151
123
91
211
79
182
81
1463
2246
1054
1197
1396
939
1356
1112
40840
386
257
185
344
267
659
372
606
364
161
193
91
145
80
91
153
103
1706
1370
1200
1420
1113
1066
1398
1059
1184
888
844
1090
612
814
711
673
481
707
818
835
648
702
569
450
385
270
467
161
334
535
348
88
137
98
123
84
87
96
97
534
1689
875
1156
849
1057
824
1078
928
885
1105
1055
40217
454
351
391
550
133
159
107
130
78
90
2600
1510
1188
1197
1285
1194
1561
1105
186
413
335
416
334
371
330
349
449
210
154
153
79
78
88
130
93
219
1233
1351
1181
992
911
1008
815
642
1127
800
690
859
894
778
465
742
588
703
847
683
756
335
634
276
454
302
612
303
342
384
388
174
82
85
87
148
91
123
1539
1870
1087
934
1184
1066
1255
1123
752
1190
742
1378
895
446
488
589
785
1001
787
773
839
701
515
195
354
569
323
473
385
270
201
212
484
145
81
126
88
107
101
2005
1912
940
1124
1021
797
582
993
723
917
637
909
107
676
760
883
586
438
547
291
99
419
403
311
594
442
208
81
183
182
124
81
102
2209
3498
1742
1636
1426
2898
2588
1077
899
2314
840
1380
1345
2629
1980
1261
865
1959
903
219
568
704
1015
574
675
935
838
709
726
833
741
92
86
137
94
91
86
101
865
1113
1212
1529
1944
683
1087
1195
1090
1092
1330
2539
1180
948
863
1067
0
643
1001
1013
962
829
786
1491
883
456
684
520
934
865
712
32404
32503
93
180
127
93
103
143
1329
1006
86
1402
909
1229
1113
854
1056
377
1372
811
1061
662
400
695
564
624
706
635
543
488
258
89
92
115
99
2265
1388
1068
1304
1057
1198
1031
823
1108
953
934
1289
595
510
203
613
162
156
81
219
90
162
2355
1269
1027
927
853
1187
975
1132
849
979
925
1189
639
568
544
805
603
784
803
611
760
322
546
358
553
292
456
290
439
265
402
194
103
86
117
84
120
88
1354
1292
1178
1196
40511
735
778
775
325
267
311
414
471
182
297
400
477
426
90
206
148
100
162
108
222
114
131
83
110
115
1493
502
981
986
1114
905
1292
104
1113
838
806
688
769
882
558
698
579
551
513
841
794
368
29609
126
99
438
100
84
1742
1194
1007
887
773
545
787
916
344
445
429
247
434
401
276
294
541
103
248
111
112
92
169
90
144
126
100
99
84
94
1292
1113
1133
1084
755
1099
1213
1040
712
790
629
491
477
355
576
635
625
790
794
587
619
511
510
322
208
335
366
413
361
262
154
129
115
97
144
136
234
106
88
1314
1337
1265
913
1016
1014
923
883
965
826
471
692
714
648
462
418
609
741
825
836
502
270
110
91
91
109
87
114
86
119
124
840
1298
1011
876
1180
910
2405
675
1199
1123
1251
244
246
1183
946
1098
669
547
665
800
489
817
580
817
848
590
463
850
792
440
585
397
429
427
87
405
1379
1102
980
1101
1116
1010
1300
1206
787
616
804
867
614
745
588
655
895
845
800
491
630
314
416
338
385
356
336
295
194
120
439
91
117
97
124
139
92
83
90
1
1300
1384
2962
1167
2360
0
885
1550
2413
1169
1163
704
1008
810
1934
727
1108
987
538
678
627
726
830
613
680
787
998
570
572
400
315
355
449
459
139
79
550
608
1604
1399
961
916
916
1217
1051
831
1111
929
823
528
653
748
542
383
898
796
656
481
107
343
29622
108
88
88
88
153
140
86
256
1436
716
983
1015
1098
1096
955
910
501
875
500
795
898
650
632
22978
407
271
223
135
418
89
132
83
155
94
96
88
94
136
81
1741
1052
1149
336
1036
1027
821
1014
627
935
923
724
442
850
584
192
464
620
844
456
146
279
515
347
462
494
444
429
250
154
158
182
80
96
103
195
96
133
1784
1039
951
769
1546
1305
832
618
768
1056
804
714
942
593
662
621
556
760
541
588
362
473
432
450
325
473
179
250
111
128
96
107
104
96
86
118
86
87
1344
1010
1068
676
798
1097
962
713
821
1090
734
684
750
1161
552
561
695
793
808
377
303
474
432
455
251
312
422
400
126
111
93
118
130
80
94
91
83
121
117
1394
1653
1194
1480
1332
994
1124
1146
538
1021
508
888
769
557
1426
738
776
894
776
558
240
543
271
328
406
268
505
358
308
81
210
129
151
97
88
223
101
89
77
1547
819
1335
902
1023
1002
778
952
1090
740
517
490
630
650
616
685
605
563
381
121
277
381
308
322
477
444
591
115
643
454
101
95
122
103
87
105
88
83
1461
548
619
1159
925
893
941
602
666
735
479
851
635
715
590
1012
730
813
837
296
621
273
544
453
619
266
181
390
198
134
138
77
80
89
123
138
95
92
1476
1672
1123
1067
1038
638
771
914
998
914
749
705
870
844
544
604
322
496
264
628
450
120
86
154
84
84
123
75
122
121
99
82
195
2006
1695
1259
1005
1007
669
862
0
863
875
876
425
774
715
810
689
724
433
576
679
940
1156
915
733
612
614
708
616
968
738
366
166
416
733
118
321
984
1231
1008
1185
1230
932
828
1073
1059
724
649
921
958
928
1250
914
741
766
672
545
582
540
343
285
473
565
528
472
271
116
237
118
106
133
103
87
128
94
98
84
1277
1366
1641
1378
0
1153
1435
1050
414
852
862
864
1079
1935
1066
729
633
746
1139
664
635
733
1096
1010
862
694
874
600
585
361
169
427
479
599
373
363
365
627
95
1131
1591
1002
898
1140
930
1016
824
926
955
597
488
636
959
696
870
481
783
594
160
96
78
77
89
87
240
1717
1116
795
1099
1054
1099
1101
1041
1025
1078
774
1359
835
611
801
613
538
459
347
204
539
288
491
549
84
115
85
88
279
78
103
108
97
81
88
111
218
88
1313
1799
1139
1149
1161
884
727
1067
821
1175
763
822
601
655
895
670
694
616
444
235
332
297
620
500
12028
87
128
94
100
106
78
96
85
91
85
171
111
74
82
1056
1180
1131
944
737
997
666
1095
893
884
621
569
1423
790
668
923
780
658
11801
316
421
480
144
95
130
134
88
100
104
87
106
86
127
103
75
106
403
99
87
1037
1366
1010
939
998
1014
796
1143
749
575
673
753
439
659
756
953
840
856
484
343
268
366
304
507
551
316
198
242
242
123
114
75
247
113
177
91
86
100
96
1068
1009
1006
1112
1050
845
864
842
856
1151
566
743
716
467
176
478
626
721
526
41691
117
88
84
155
137
1285
1144
935
754
1042
1158
1080
774
923
1118
822
840
746
558
764
741
436
758
573
458
222
387
271
598
259
220
562
79
663
461
422
137
109
104
123
4011
99
90
1277
1266
816
988
1059
935
1009
973
390
947
400
628
465
514
965
456
520
705
402
540
454
204
122
521
80
80
188
84
130
98
134
103
93
109
90
85
83
236
901
1023
1254
1117
921
805
870
858
356
271
479
400
223
529
651
835
905
87
325
221
310
395
288
252
506
451
290
121
167
131
125
226
200
157
114
109
94
90
