79
381
82
94
83
87
131
85
113
95
76
85
82
86
83
229
84
75
80
120
83
80
83
120
347
86
87
90
165
94
91
76
142
80
83
170
100
81
159
84
99
84
82
79
83
87
80
81
86
81
251
77
99
135
86
80
87
79
81
80
93
89
80
80
79
172
87
86
76
88
124
79
96
132
96
81
93
83
78
75
97
82
85
83
88
86
80
79
280
97
81
258
105
97
77
75
81
75
86
81
80
76
85
212
87
80
81
84
100
95
88
126
83
77
91
94
81
112
91
90
82
77
77
81
86
77
77
158
84
108
827
79
75
91
80
80
84
79
80
89
96
94
88
155
101
82
80
139
80
81
163
81
81
168
78
190
95
86
78
78
80
78
75
105
76
86
146
98
84
87
89
84
78
77
76
80
116
105
84
144
113
82
135
84
100
81
81
85
177
84
79
106
136
90
83
79
85
75
80
90
120
74
76
1072
160
112
451
83
98
79
81
83
77
77
79
79
103
85
103
107
90
91
93
84
86
88
84
94
89
88
163
107
90
74
81
83
83
98
111
81
100
184
90
88
256
97
125
81
82
77
75
89
85
85
76
87
100
90
80
89
364
81
80
83
85
110
76
135
90
83
186
123
87
82
79
98
85
80
80
79
261
96
115
848
82
87
84
83
76
80
80
82
381
86
135
108
111
133
98
79
113
100
94
150
167
83
77
79
81
105
88
83
82
106
112
104
77
76
237
98
106
968
79
85
79
88
74
80
89
84
88
93
82
84
187
87
110
84
126
74
82
185
86
81
153
95
82
86
84
99
94
79
96
163
79
94
187
81
82
120
109
129
76
76
77
77
77
93
93
83
105
177
81
94
80
89
110
98
109
116
100
87
124
124
346
80
77
78
88
76
87
178
80
77
170
90
191
134
89
85
80
81
83
76
81
80
75
76
82
80
97
85
505
86
75
87
77
82
100
90
89
78
84
77
86
84
75
95
93
86
83
76
99
95
118
87
576
86
84
76
188
80
77
76
83
75
84
84
78
112
75
83
81
123
82
131
75
108
77
87
79
76
79
82
89
107
79
97
90
97
107
112
132
112
450
80
103
92
95
76
79
75
78
86
79
89
109
144
82
97
100
92
89
359
79
83
87
122
124
77
91
80
80
77
85
93
113
152
118
185
94
153
92
86
85
96
85
83
79
78
101
113
86
85
146
81
79
103
76
88
81
79
85
79
79
92
188
76
80
83
93
81
87
98
132
144
130
201
83
198
131
85
80
75
81
81
76
79
86
79
74
77
146
86
85
101
87
80
82
76
80
550
100
91
79
92
99
86
85
93
83
82
119
86
81
81
98
133
88
556
87
87
85
87
77
80
74
87
86
86
84
79
119
85
79
110
75
87
95
81
101
80
100
79
83
86
86
160
93
121
86
121
80
91
111
106
106
960
86
79
85
81
76
82
82
86
99
78
78
78
104
82
345
81
94
74
121
121
103
80
195
107
81
84
78
100
80
83
103
214
82
103
199
398
78
132
93
98
92
85
84
79
84
89
85
95
90
197
79
79
77
82
75
78
109
106
81
130
89
106
82
77
78
