111
306
628
82
97
87
75
76
326
73
85
72
76
72
79
74
74
74
83
75
77
95
82
79
80
194
145
87
266
325
147
306
627
222
1031
428
452
475
91
17
99
112
136
388
74
82
87
77
81
77
72
329
72
76
75
71
81
75
74
100
77
189
77
110
95
99
230
117
80
189
467
310
165
381
635
292
382
60
133
153
412
76
80
87
81
87
77
74
72
72
74
72
77
111
78
173
77
238
284
192
400
240
183
377
227
213
599
720
628
943
769
686
1103
1104
759
766
142
462
102
82
85
73
86
72
79
76
76
71
72
91
362
85
316
80
148
84
128
297
166
1243
325
345
573
569
472
649
424
401
921
819
836
799
1753
1024
285
109
81
91
84
78
74
73
265
171
395
1133
268
370
458
362
289
432
566
821
476
969
652
294
611
865
380
366
447
577
821
556
561
277
657
378
518
342
531
145
77
76
72
74
73
115
376
91
377
244
142
413
478
390
371
481
585
736
851
742
492
1621
479
450
622
329
682
530
407
472
443
705
602
342
356
1371
512
82
78
81
73
72
75
79
91
81
151
186
303
243
287
393
385
353
441
623
632
362
520
586
570
799
703
591
438
527
468
589
383
427
778
713
340
618
263
355
73
81
73
71
72
76
76
131
136
201
305
148
362
451
320
432
588
569
763
887
854
704
909
870
659
661
359
586
478
393
554
702
1029
614
1042
751
944
822
27
100
76
83
91
106
78
75
77
79
74
74
73
71
79
80
106
77
159
185
430
459
358
336
271
516
577
618
391
610
509
511
797
1297
858
1046
445
530
598
15
75
280
353
78
75
81
79
78
75
76
91
78
84
90
103
93
283
272
299
496
780
535
195
551
492
423
275
791
814
691
1930
977
779
641
974
952
1466
30
103
92
92
75
72
71
71
74
337
74
85
76
83
85
82
75
86
147
488
348
349
277
321
429
293
715
586
538
763
709
856
815
873
493
692
546
1305
259
73
89
79
78
75
83
77
75
75
73
79
86
132
81
87
81
267
233
349
515
181
368
414
459
329
562
253
820
489
779
858
757
1127
1038
746
739
435
754
83
74
79
75
72
105
75
90
190
131
559
186
267
367
300
323
779
830
840
900
587
687
440
781
617
576
372
661
232
665
628
818
910
695
457
485
311
712
980
361
73
75
72
78
72
81
104
181
394
155
155
417
240
241
856
530
806
1033
550
805
549
415
689
530
390
374
557
647
517
639
1010
469
562
719
754
347
717
331
74
73
88
75
90
82
81
156
380
218
387
314
284
239
503
795
905
860
626
510
323
447
643
786
292
429
608
666
786
673
729
390
297
297
437
391
534
321
81
76
71
72
185
73
116
167
294
645
407
239
242
265
433
750
888
1041
488
430
518
373
533
735
392
531
231
238
451
555
446
416
522
274
643
762
931
684
82
77
72
73
83
92
94
318
295
236
437
320
293
330
264
464
758
917
524
728
1708
227
410
572
475
348
463
480
805
382
594
400
364
1028
531
500
506
464
420
76
80
72
110
84
112
165
130
918
352
396
215
250
424
585
669
769
569
746
792
547
720
423
287
236
392
472
747
677
697
414
278
655
592
516
517
813
329
81
81
81
79
85
164
186
258
123
151
426
410
369
553
576
266
826
610
356
575
721
404
516
511
474
603
452
619
604
645
773
673
287
745
659
928
807
711
516
78
87
75
89
92
167
180
303
1303
398
247
222
250
249
347
522
976
923
518
1057
883
660
272
730
652
472
722
815
730
687
418
442
347
563
616
1164
457
472
73
76
74
78
94
233
379
215
1169
241
354
322
495
490
680
623
870
865
963
755
617
506
736
596
323
653
457
579
634
763
663
708
560
558
461
557
364
534
341
75
73
71
79
89
155
269
407
274
216
237
174
282
696
459
835
464
812
431
374
504
646
508
433
394
549
396
600
553
569
382
955
896
790
742
838
624
576
74
72
72
79
91
91
250
320
217
357
332
281
278
420
573
695
957
744
975
937
579
402
786
672
553
210
328
590
582
895
418
357
342
617
986
776
446
470
213
75
72
76
375
80
101
161
691
183
115
282
433
438
805
676
960
543
692
792
545
343
693
661
388
596
600
685
518
696
382
562
316
891
646
730
519
693
382
80
77
72
137
384
116
166
252
289
279
247
379
271
257
446
818
1043
626
870
419
880
230
542
132
450
296
490
741
358
386
379
356
1367
650
312
494
501
539
392
75
77
75
103
95
222
80
307
377
216
139
353
314
198
549
564
958
650
1179
423
590
315
810
521
684
414
74
409
602
855
683
456
574
648
679
852
801
433
80
71
78
112
111
82
186
236
240
364
269
356
462
493
770
934
582
429
4618
567
602
361
563
387
422
515
759
576
613
433
541
648
544
479
402
378
339
317
393
85
108
77
85
94
306
1237
205
229
295
343
539
717
555
892
818
798
774
652
228
494
335
625
492
530
364
621
337
1032
619
513
343
880
452
527
507
325
300
83
81
84
98
117
306
1279
236
238
354
307
367
471
421
726
451
800
606
462
505
537
658
580
320
509
428
518
609
963
432
865
715
700
645
583
359
670
127
346
74
78
87
96
89
221
151
77
369
94
175
385
623
743
893
691
578
523
526
643
594
462
459
589
519
653
423
619
633
455
364
628
730
517
556
485
699
436
72
74
124
116
123
277
133
218
163
335
413
322
476
457
628
468
716
884
463
590
833
679
137
404
659
561
597
613
480
499
469
512
572
1086
860
484
438
439
120
76
333
194
137
207
237
401
278
164
172
389
413
736
825
1073
460
796
751
692
461
618
539
695
333
910
454
637
783
472
283
608
743
890
774
653
675
528
87
74
79
112
100
352
255
421
319
249
375
312
479
489
636
644
691
445
380
497
376
590
590
425
449
464
526
663
925
881
1172
582
829
807
450
434
677
511
449
362
379
183
187
138
323
141
428
317
254
272
461
744
777
905
778
733
1326
264
217
612
574
337
549
568
681
457
976
491
292
736
795
651
431
475
409
272
394
454
79
109
94
174
110
307
225
142
246
368
219
703
704
822
653
952
606
506
904
84
552
628
604
634
959
534
630
312
682
1393
701
962
779
622
452
571
357
109
393
372
87
93
256
253
339
273
234
308
457
263
414
545
702
580
427
1503
359
478
326
288
199
485
581
146
493
727
374
487
449
686
542
603
424
193
356
299
432
92
81
145
298
1298
253
173
252
240
490
706
648
895
730
491
306
243
447
755
523
691
468
363
622
736
1063
714
440
671
685
705
534
616
555
426
249
490
171
208
171
87
115
229
172
303
447
408
446
763
685
856
806
585
987
439
812
738
648
208
481
445
678
317
560
591
201
1123
550
816
752
650
307
482
88
311
94
86
89
99
139
341
200
254
324
399
408
509
194
520
975
594
696
461
346
417
770
548
492
478
683
913
369
479
607
942
479
521
293
626
388
436
574
475
372
230
125
172
77
74
1190
184
262
275
412
253
903
564
890
872
714
709
562
777
698
734
388
556
436
346
470
959
751
403
201
596
595
515
693
394
580
342
320
321
136
132
312
347
1171
324
393
344
328
632
548
717
892
478
779
542
543
671
386
395
381
520
347
683
453
352
496
368
746
542
844
502
672
331
443
212
421
302
154
79
173
198
404
433
186
394
449
286
642
618
1140
843
481
1740
335
763
471
284
447
407
408
830
417
621
494
741
265
383
689
703
471
414
379
240
144
380
307
77
306
333
1154
326
250
221
317
441
678
635
878
902
969
1272
363
554
708
417
375
451
231
473
491
552
400
479
430
729
612
350
510
448
689
308
370
301
365
92
115
268
368
154
164
330
428
375
511
397
565
644
438
439
461
456
614
449
219
555
644
415
390
571
538
740
354
572
699
590
494
373
492
350
332
432
253
328
161
787
398
556
453
766
841
740
728
891
607
725
535
431
390
393
451
475
291
1082
721
466
535
536
681
435
475
409
423
521
298
322
155
241
136
219
168
382
92
140
163
203
503
305
329
506
471
755
724
814
548
957
368
801
204
419
391
463
449
566
714
1011
615
1001
506
931
887
372
438
511
364
267
211
171
604
120
420
79
339
84
383
291
390
297
680
508
845
507
390
354
335
341
611
688
567
447
401
469
477
668
640
826
1458
643
567
647
513
465
702
273
255
215
167
109
199
584
370
235
543
326
664
365
222
356
863
1081
896
724
898
1198
1766
371
708
421
647
814
422
591
536
769
416
654
788
502
903
1047
808
604
605
487
945
487
1120
262
210
299
168
286
275
387
273
673
1824
684
863
734
1046
671
453
702
701
773
740
603
646
605
487
845
834
326
426
669
471
336
657
568
185
619
612
786
614
634
577
330
227
306
234
327
210
842
852
923
710
505
546
417
329
506
517
562
621
550
514
466
1046
408
392
495
860
680
300
566
391
160
294
214
153
95
113
109
152
74
480
329
393
547
764
819
774
506
616
536
486
730
277
181
413
456
739
530
627
279
526
606
201
563
423
1299
489
499
201
115
235
121
76
80
97
74
74
84
99
380
249
861
647
757
499
491
575
377
706
461
165
313
347
351
314
369
559
1034
338
422
382
636
529
655
479
517
493
354
348
348
221
77
127
1301
84
72
81
73
677
442
631
447
818
695
972
752
714
775
588
377
557
304
375
517
457
765
600
639
463
845
636
929
470
377
512
403
281
287
275
72
121
147
283
86
80
72
589
540
928
773
690
665
470
479
775
222
482
608
424
465
325
654
604
453
1033
720
606
785
350
488
405
213
115
389
96
74
373
305
236
362
81
611
72
89
77
476
361
617
726
782
786
505
1127
513
533
156
206
647
688
861
542
352
639
513
759
1042
436
531
743
549
429
603
550
187
227
342
323
106
103
95
99
72
83
524
440
572
796
1134
820
996
812
779
467
642
362
630
596
659
762
632
1079
438
1012
905
540
514
756
555
352
118
75
320
334
165
187
132
166
83
98
75
74
71
583
560
683
554
559
741
897
410
286
399
629
431
644
232
621
589
713
711
459
489
479
585
500
760
452
391
306
118
372
198
163
160
148
179
77
80
75
89
623
748
450
865
765
477
910
549
488
675
505
524
482
248
541
743
409
668
427
488
1448
451
401
910
368
544
568
229
126
264
239
156
73
79
77
78
80
79
72
563
764
976
739
606
356
268
494
199
533
357
682
485
828
559
913
256
821
591
322
666
480
306
440
548
362
418
153
178
75
82
310
377
90
73
79
81
81
424
439
532
900
956
920
707
317
309
472
807
207
395
161
852
311
488
805
537
425
621
659
518
617
488
447
686
192
182
91
168
82
81
347
371
122
82
75
753
698
469
850
526
645
532
704
787
660
204
354
346
631
615
1056
496
395
366
512
289
551
281
354
538
405
178
271
175
133
190
1051
124
85
72
76
73
75
73
817
824
852
401
507
540
411
508
385
180
428
541
656
604
732
434
639
362
433
670
364
558
385
501
234
203
306
321
76
72
73
129
73
72
79
72
74
79
73
1213
695
817
1180
475
527
496
639
392
600
755
273
355
245
390
315
474
673
520
913
745
534
342
203
240
366
189
277
75
79
266
72
80
77
83
71
75
72
682
857
735
755
648
366
669
465
613
353
227
439
406
412
647
899
740
1014
277
667
652
462
602
265
273
92
271
123
365
379
79
84
80
73
75
79
75
72
975
2027
629
1
656
569
1239
853
780
343
479
390
393
680
987
646
769
686
642
1446
990
891
467
838
361
652
1267
449
477
481
361
377
207
610
182
196
612
82
32
1002
998
1177
448
746
844
351
422
508
561
590
776
665
715
673
527
1026
767
1540
966
285
283
381
756
646
1114
515
514
808
445
471
553
644
198
103
232
86
142
150
680
614
1070
401
265
606
281
406
619
293
375
511
390
836
452
1019
473
500
360
353
373
377
334
99
116
173
198
186
174
87
114
89
74
72
79
123
89
356
153
628
602
646
300
747
520
496
413
736
424
581
413
684
553
835
586
553
523
641
245
229
532
72
271
194
239
145
180
254
158
369
113
74
77
75
78
82
871
384
732
432
341
694
392
775
710
487
529
540
733
718
973
138
637
769
547
520
452
339
273
247
183
185
132
144
293
85
73
367
75
74
77
80
72
74
75
723
6437
427
523
74
135
331
617
493
674
583
492
457
319
673
651
418
421
668
161
111
186
145
86
118
253
77
73
75
75
71
75
83
87
79
75
80
75
72
961
665
703
594
573
248
340
126
296
610
542
946
268
852
267
216
712
623
453
486
606
219
93
233
120
134
217
426
73
75
101
78
76
79
77
95
102
84
587
181
759
417
617
368
355
603
464
537
516
566
1379
587
580
1397
524
550
287
373
487
143
355
354
171
520
80
72
75
73
72
78
78
72
75
72
72
72
643
798
419
274
691
513
542
587
616
435
795
742
891
561
516
525
824
487
494
727
313
567
367
223
96
124
84
77
74
78
75
72
75
73
75
76
75
72
77
945
443
420
653
682
375
401
523
832
772
873
288
901
739
418
296
483
365
543
431
93
432
349
214
381
251
256
75
76
96
111
90
93
354
85
94
73
82
93
879
574
589
703
329
494
646
867
680
420
782
432
1052
847
696
635
871
624
551
275
326
498
278
226
102
79
1368
78
82
74
73
73
79
73
71
72
72
75
509
811
696
694
305
465
319
514
834
757
591
529
305
625
629
756
638
668
527
383
371
551
314
203
74
419
77
80
354
72
74
78
144
79
82
73
325
73
653
542
730
356
362
762
880
863
441
379
815
700
1047
395
441
879
494
455
513
457
263
312
107
79
207
73
374
105
81
72
72
78
75
72
91
73
82
78
76
603
383
584
491
350
470
517
781
601
738
331
875
655
665
447
511
509
425
364
81
168
366
183
230
94
922
117
77
76
80
72
79
78
73
77
77
78
76
74
818
515
769
360
441
270
460
528
474
798
254
832
637
537
525
574
396
429
519
357
427
195
208
84
99
896
173
72
79
76
75
82
73
329
73
72
72
73
674
806
351
609
383
546
685
542
781
668
599
964
429
666
699
332
440
749
342
135
284
212
170
218
446
137
92
72
76
98
82
80
74
74
83
74
72
77
1157
897
601
332
385
463
370
725
586
391
858
829
632
589
743
790
1643
657
867
185
553
613
811
514
587
100
310
251
194
130
82
75
163
88
212
79
48
221
1010
1011
468
543
318
498
597
469
636
574
857
766
1516
893
503
621
869
191
574
655
656
411
557
675
341
392
111
201
273
202
236
79
230
170
88
81
1234
78
442
667
686
1531
535
748
834
758
644
928
807
1816
710
553
1256
933
999
630
574
1008
622
502
315
235
488
235
208
240
87
209
262
113
191
76
190
77
534
754
78
806
818
467
550
709
698
648
720
621
314
396
1222
352
680
365
415
293
319
343
401
232
121
83
308
237
83
75
75
75
74
72
79
81
76
76
78
73
390
74
820
823
481
738
450
755
694
558
921
721
747
887
769
402
1232
681
193
407
522
224
737
289
491
885
502
465
119
381
239
194
102
218
80
138
164
81
120
1371
79
838
635
167
647
780
717
587
907
482
388
578
675
622
544
512
501
348
192
419
276
93
151
82
174
82
76
78
74
111
74
78
77
80
93
74
74
74
75
81
584
536
558
619
542
661
620
371
492
1021
629
773
477
425
304
461
326
391
316
88
73
175
81
82
100
79
135
78
77
141
70
72
72
74
72
71
73
120
702
713
474
220
350
798
563
979
435
1019
730
288
579
323
383
456
285
332
430
85
118
87
74
96
382
374
72
72
80
151
72
79
75
72
72
76
75
240
813
666
299
627
622
387
543
505
368
951
530
734
675
423
379
468
502
175
298
201
280
82
83
1280
80
81
74
83
73
73
76
72
72
73
76
73
72
267
81
573
233
192
413
517
486
829
338
884
1391
655
625
573
470
541
231
340
187
241
144
73
141
96
373
75
72
72
72
73
73
89
72
74
73
77
83
73
76
265
364
391
614
589
744
773
566
625
1020
877
640
210
1113
427
411
477
731
701
454
584
425
260
496
82
298
359
175
76
150
73
120
102
137
74
258
75
363
72
613
603
181
612
960
139
337
697
627
1447
717
454
623
416
491
419
157
423
198
198
106
156
1079
79
72
79
79
84
108
76
74
75
74
74
77
72
182
75
72
519
438
429
328
372
557
741
404
924
548
972
653
583
291
631
459
225
241
371
359
238
137
158
88
85
73
89
89
76
73
74
88
74
72
73
73
151
86
250
421
447
576
528
465
783
277
396
335
496
525
529
201
429
465
84
113
323
182
149
118
73
71
75
81
72
75
81
74
73
77
76
73
73
72
75
141
73
122
79
451
486
1536
703
410
608
610
620
423
252
290
919
661
515
811
658
679
579
568
361
100
266
165
239
131
159
212
117
157
210
86
669
882
116
93
73
939
343
276
522
377
576
448
557
1189
491
842
504
451
515
568
439
259
141
166
102
99
94
115
97
73
72
76
74
332
87
76
82
75
78
83
72
71
72
79
462
265
694
436
497
666
619
695
977
617
346
227
509
245
433
611
361
155
188
159
171
81
1101
119
80
78
73
73
75
72
78
82
328
77
72
78
231
72
494
326
478
817
540
760
676
445
644
594
273
208
509
620
445
223
255
247
156
114
129
1021
74
322
80
77
74
81
71
85
72
77
80
82
86
156
73
82
